
88888888888 888      d8b          888            888                  d8b                   
    888     888      Y8P          888            888                  Y8P                   
    888     888                   888            888                                        
    888     88888b.  888 88888b.  888  888       888888 888  888  888 888  .d8888b  .d88b.  
    888     888 "88b 888 888 "88b 888 .88P       888    888  888  888 888 d88P"    d8P  Y8b 
    888     888  888 888 888  888 888888K        888    888  888  888 888 888      88888888 
    888     888  888 888 888  888 888 "88b       Y88b.  Y88b 888 d88P 888 Y88b.    Y8b.     0000
    888     888  888 888 888  888 888  888        "Y888  "Y8888888P"  888  "Y8888P  "Y8888  0000
    
0000000000  000000000 000000000 00000000000 00000000000 0000000000
000     00  0000      0000      000     000 0000     00 0000                                                                        
000     00  0000      0000      000     000 0000     00 0000
00000000000 000000000 000000000 000     000 0000     00 0000000000
000     000 000000000 000000000 000     000 00000000000 0000000000
000     000 000       000       000     000 0000  000   0000
00000000000 000       000       000     000 0000   000  0000 
00000000000 000000000 000       00000000000 0000    00000000000000 

88888888888 888                                               d8b 888   888
    888     888                                               Y8P 888   888            
    888     888""88b  .d88b.  888    888   888   888888   888     888   888
    888     888  888 d8P  Y8b 888    888   888   888888   888 888 888   888
    888     888  888 88888888 888    888   888   888888   888 888 888   888
    888     888  888 Y8b.      88888888     8888888  8888888  888 888   888
    888     888  888 "Y8888     88888        8888      8888   888 88888888888888

88888888888 88888888888 888888   88888     888888   88888  88888       88888  88888888888  88888888888
8888    888 8888   8888 888888   88888     888888   88888  88888       88888  8888    888   888888888
8888    888 8888   8888 888888   88888     888888   88888  88888       88888  8888    888    8888888
88888888888 8888   8888  88888   88888      88888   88888  88888       88888  8888    888     88888
88888888888 88888888888   8888888888         8888888888    88888       88888  8888    888      888
8888        8888   8888        88888              88888    88888       88888  8888    888       8
8888        8888   8888      88888              88888        888888888888888  8888    888     88888      
8888        8888   8888    88888              88888            8888888888888  88888888888     88888










                                                                                          